355272243 0
3572;222: 1.25
3574:222: 4.5
35754222: 3
35F29222: 38.5
35F32222: 21.5
35F48222: 16.25
35229222; 36
35232222; 20.5
35248222; 2
355272249 0
35325222; 8.5
35728222; 1
3572;222; 6.5
3574:222; 19
35754222; 0
35F29222; 28
35F32222; 28.5
35F48222; 16.5
352292232 25
322272283 0
352322232 27
352482232 34.5
353252232 26
357282232 6
3572;2232 15.5
357542232 0.5
35F292232 31.25
35F322232 15
35F482232 2.5
355272252 0
352292233 6
352322233 25
352482233 25.5
353252233 5
357282233 0
3572;2233 11.5
3574:2233 7.5
35F292233 33.5
35F322233 28.5
355272228 0
35F482233 6.5
352292234 7.75
352322234 32
352482234 24.5
353252234 16
357282234 6.5
3572;2234 9.75
3574:2234 20.5
35F292234 31.5
35527224; 0
35F322234 24
35F482234 14.5
352292235 16.5
352322235 17.5
352482235 29.5
353252235 7.25
357282235 5.5
3572;2235 8.5
3574:2235 5
355272254 0
35F292235 19
35F322235 17
352292236 28.5
352322236 34.5
352482236 35.5
353252236 1
357282236 13.5
3572;2236 2
3574:2236 10.5
3222722:8 0
35F292236 27.5
35F322236 17.5
352292237 32.5
352322237 24.75
352482237 1.5
353252237 7
357282237 1
3572;2237 19
3574:2237 5.5
35X293223 20.5
355272257 0
35F292237 13
35F322237 14.5
352292238 19.5
352322238 14
352482238 13.5
357282238 5.5
3572;2238 5.25
3574:2238 22.5
35F292238 4.5
355272258 0
35F322238 13
352292239 14
352322239 6
352482239 14
357282239 5
3572;2239 0.5
3574:2239 22
35F292239 2
35F322239 7
